2,4,37~3,4,37
7,3,130~7,5,130
4,2,12~4,5,12
8,6,7~9,6,7
2,4,107~4,4,107
5,0,72~7,0,72
3,0,87~3,1,87
0,4,219~0,4,220
0,4,65~1,4,65
2,2,149~4,2,149
4,6,261~7,6,261
3,0,238~5,0,238
2,3,220~2,6,220
6,4,156~6,6,156
1,0,146~3,0,146
3,1,209~6,1,209
1,5,180~3,5,180
0,3,139~1,3,139
8,2,168~8,4,168
3,7,111~3,9,111
9,1,130~9,1,132
2,0,244~2,2,244
6,3,264~6,6,264
7,1,64~7,4,64
5,7,178~7,7,178
2,3,193~5,3,193
2,7,64~2,9,64
3,6,121~3,9,121
4,9,149~6,9,149
7,6,212~7,7,212
7,5,134~7,6,134
8,6,75~8,8,75
2,4,267~2,6,267
5,1,244~5,4,244
7,0,11~8,0,11
4,4,231~4,5,231
3,8,20~6,8,20
1,4,127~1,4,130
4,5,82~6,5,82
3,4,24~3,6,24
4,7,146~4,7,149
2,6,37~2,8,37
6,1,285~8,1,285
9,2,174~9,4,174
2,3,196~2,4,196
4,9,186~6,9,186
3,4,116~6,4,116
4,1,74~6,1,74
6,6,251~6,8,251
2,7,128~2,9,128
7,6,186~7,6,188
7,5,99~7,6,99
6,1,139~8,1,139
5,8,253~8,8,253
1,5,202~4,5,202
5,2,77~7,2,77
3,2,194~5,2,194
7,0,31~7,3,31
9,4,281~9,5,281
5,0,21~8,0,21
6,5,2~9,5,2
5,7,5~7,7,5
4,7,97~6,7,97
1,5,9~3,5,9
8,2,264~8,2,265
2,4,3~4,4,3
2,6,131~4,6,131
1,3,86~2,3,86
1,3,160~1,3,163
2,6,140~4,6,140
5,4,152~5,4,154
1,2,251~1,2,254
1,5,41~4,5,41
5,2,76~5,4,76
2,7,289~4,7,289
6,3,111~6,6,111
8,1,222~8,3,222
6,1,168~6,1,169
2,3,1~3,3,1
0,0,276~1,0,276
5,9,115~7,9,115
7,5,219~9,5,219
4,4,272~4,6,272
0,9,244~2,9,244
9,5,280~9,6,280
2,2,71~5,2,71
2,9,266~4,9,266
9,6,113~9,7,113
6,6,76~6,8,76
5,1,98~8,1,98
7,8,168~8,8,168
6,2,157~8,2,157
2,3,261~2,3,263
3,5,37~3,6,37
0,1,30~2,1,30
0,2,285~3,2,285
6,0,165~6,2,165
3,4,238~4,4,238
0,2,144~0,4,144
8,6,209~8,8,209
2,1,140~2,4,140
7,8,55~9,8,55
0,0,80~0,0,82
0,2,77~0,2,79
8,5,119~8,8,119
3,6,13~3,8,13
4,4,105~7,4,105
1,1,56~1,3,56
1,2,246~2,2,246
7,6,242~9,6,242
3,6,52~6,6,52
3,3,138~5,3,138
8,3,162~8,4,162
1,0,272~1,2,272
2,2,167~2,2,170
4,9,89~5,9,89
6,0,284~6,2,284
5,6,82~6,6,82
5,0,28~7,0,28
3,5,218~5,5,218
1,6,63~3,6,63
2,9,170~5,9,170
6,5,170~9,5,170
2,9,251~4,9,251
4,3,152~4,5,152
0,6,46~1,6,46
0,4,255~4,4,255
7,4,102~7,4,102
6,3,17~6,5,17
5,3,39~8,3,39
2,7,259~5,7,259
7,2,34~7,5,34
3,7,237~3,8,237
0,5,15~2,5,15
0,5,122~2,5,122
4,8,170~6,8,170
4,0,275~7,0,275
2,0,150~4,0,150
1,2,277~3,2,277
9,1,27~9,3,27
4,7,256~7,7,256
2,0,82~3,0,82
8,0,66~8,2,66
4,3,127~4,5,127
6,0,46~6,0,48
2,5,203~2,7,203
9,6,33~9,6,35
3,1,182~3,1,185
4,6,38~4,6,40
8,5,65~8,8,65
1,0,255~1,0,258
1,2,214~1,4,214
1,4,91~3,4,91
9,0,217~9,1,217
1,3,279~1,6,279
3,8,83~6,8,83
2,2,138~2,5,138
5,1,144~5,3,144
2,8,1~2,8,3
5,3,240~5,4,240
1,5,3~1,8,3
6,4,243~9,4,243
6,0,274~6,3,274
0,2,221~2,2,221
1,6,19~1,6,21
9,8,7~9,8,9
2,1,227~2,4,227
6,8,12~8,8,12
2,6,244~5,6,244
3,5,232~3,8,232
6,8,137~9,8,137
0,8,135~2,8,135
3,1,123~3,3,123
3,6,298~6,6,298
4,0,51~4,3,51
0,5,25~0,5,25
5,6,120~8,6,120
5,9,148~7,9,148
1,2,244~1,4,244
8,2,140~8,4,140
2,5,283~4,5,283
0,0,135~0,2,135
4,4,287~6,4,287
6,3,217~6,5,217
7,1,1~7,2,1
6,5,50~6,7,50
1,8,16~3,8,16
6,7,99~9,7,99
5,6,11~7,6,11
0,0,138~1,0,138
7,8,10~8,8,10
1,3,70~2,3,70
2,7,49~4,7,49
3,9,167~6,9,167
7,5,148~7,7,148
0,8,22~0,9,22
2,0,76~2,2,76
0,5,219~0,7,219
3,7,274~3,9,274
2,4,133~4,4,133
6,2,92~6,2,95
3,2,13~3,3,13
1,6,202~3,6,202
3,7,204~3,9,204
6,8,73~9,8,73
4,5,108~4,6,108
2,2,158~2,5,158
5,0,17~5,0,20
6,5,306~6,7,306
3,5,91~5,5,91
6,3,218~8,3,218
6,9,172~6,9,174
6,3,203~6,5,203
5,5,2~5,7,2
8,4,240~8,6,240
7,5,52~7,7,52
3,2,247~5,2,247
2,6,53~4,6,53
3,2,279~3,3,279
6,4,170~6,4,172
1,5,260~1,7,260
3,5,214~6,5,214
6,3,275~9,3,275
2,2,283~3,2,283
3,4,223~5,4,223
6,4,239~6,6,239
3,7,177~6,7,177
4,2,100~5,2,100
7,2,94~9,2,94
8,7,290~8,8,290
4,6,178~4,6,181
1,5,273~1,7,273
1,4,241~4,4,241
8,0,258~8,4,258
6,5,144~8,5,144
7,1,268~7,3,268
1,0,253~3,0,253
8,3,14~8,3,17
5,6,208~8,6,208
5,1,99~7,1,99
1,4,17~1,7,17
1,3,126~1,4,126
8,1,61~8,5,61
0,7,18~2,7,18
7,4,84~7,6,84
9,6,266~9,9,266
2,3,275~2,4,275
5,9,230~5,9,232
1,4,304~1,6,304
8,1,155~8,1,157
6,4,232~8,4,232
9,2,68~9,2,70
4,6,282~4,9,282
0,0,145~0,1,145
8,1,79~8,3,79
2,5,189~2,7,189
2,6,173~2,8,173
5,1,249~6,1,249
2,0,203~4,0,203
9,3,245~9,4,245
8,3,276~8,4,276
7,6,92~9,6,92
3,2,148~3,4,148
7,2,240~9,2,240
8,9,90~8,9,92
3,4,119~6,4,119
6,2,179~6,5,179
0,6,127~0,7,127
5,6,79~8,6,79
4,5,23~6,5,23
1,4,281~1,5,281
5,8,183~7,8,183
0,9,178~1,9,178
2,1,270~2,3,270
1,4,10~1,5,10
8,4,26~9,4,26
2,5,14~2,7,14
3,2,269~5,2,269
1,0,252~2,0,252
4,1,223~6,1,223
7,5,126~7,7,126
3,4,47~3,6,47
6,5,79~8,5,79
5,2,131~5,3,131
2,2,6~5,2,6
5,9,69~5,9,71
0,2,73~2,2,73
7,4,184~7,7,184
1,3,72~1,6,72
4,9,227~7,9,227
8,3,259~8,5,259
6,3,37~6,5,37
0,7,38~2,7,38
0,1,32~0,1,32
2,8,176~2,8,177
7,6,136~7,8,136
2,2,38~2,2,39
2,7,121~2,9,121
3,4,234~3,5,234
4,6,275~6,6,275
4,6,236~4,8,236
9,5,212~9,7,212
7,6,111~7,8,111
5,8,254~5,9,254
8,9,24~8,9,24
2,7,143~4,7,143
4,0,53~4,0,56
8,0,24~8,1,24
2,9,1~4,9,1
5,9,3~5,9,5
0,2,81~0,4,81
7,6,283~7,7,283
5,3,285~6,3,285
4,4,94~4,7,94
5,4,43~5,7,43
2,7,293~5,7,293
0,8,247~2,8,247
5,5,253~5,7,253
6,6,95~6,8,95
4,1,275~6,1,275
3,3,191~5,3,191
0,6,144~2,6,144
7,7,20~7,7,22
3,3,249~3,5,249
7,9,151~7,9,153
2,9,134~3,9,134
1,6,47~1,9,47
5,7,171~7,7,171
5,8,30~7,8,30
8,0,3~8,0,5
3,5,223~5,5,223
2,6,36~5,6,36
0,5,214~2,5,214
2,0,118~2,4,118
3,5,40~5,5,40
7,8,32~9,8,32
0,5,303~3,5,303
4,1,191~6,1,191
1,1,157~1,3,157
7,6,289~7,8,289
1,3,33~1,5,33
4,4,77~6,4,77
0,5,193~2,5,193
8,4,93~9,4,93
4,1,261~6,1,261
8,0,225~8,3,225
5,0,222~7,0,222
6,6,236~6,9,236
3,4,21~6,4,21
7,0,232~8,0,232
4,1,68~4,3,68
2,4,5~2,4,5
5,6,40~7,6,40
0,3,192~0,4,192
8,7,7~8,9,7
3,4,82~3,5,82
8,1,5~9,1,5
3,7,124~5,7,124
6,9,93~8,9,93
6,0,34~6,3,34
3,2,216~3,5,216
6,0,177~6,2,177
0,1,230~3,1,230
2,4,46~2,4,48
9,0,231~9,0,232
8,1,122~8,3,122
0,7,10~0,8,10
7,7,250~7,7,252
4,8,149~5,8,149
0,6,278~0,7,278
3,1,202~5,1,202
1,7,238~5,7,238
0,7,14~1,7,14
8,4,238~8,7,238
2,3,114~4,3,114
9,4,1~9,6,1
1,0,187~1,0,190
7,2,83~7,4,83
8,4,164~8,4,164
2,3,248~2,5,248
1,4,88~2,4,88
7,6,158~9,6,158
0,1,212~3,1,212
7,7,172~7,8,172
4,8,25~7,8,25
0,6,251~0,7,251
7,2,178~7,4,178
6,6,260~6,8,260
6,6,124~6,7,124
1,6,133~1,8,133
0,9,74~0,9,75
2,2,258~2,3,258
6,5,118~8,5,118
0,5,171~0,7,171
2,2,98~4,2,98
5,2,156~5,5,156
2,9,67~5,9,67
9,4,30~9,6,30
2,4,230~2,4,233
3,0,23~6,0,23
6,9,85~8,9,85
6,0,80~6,3,80
8,7,101~8,7,103
7,3,151~7,6,151
0,8,88~3,8,88
4,1,23~6,1,23
8,0,84~8,1,84
0,6,33~2,6,33
9,4,230~9,5,230
9,8,169~9,9,169
0,4,195~2,4,195
4,4,220~4,7,220
6,7,209~7,7,209
0,5,9~0,7,9
5,3,89~7,3,89
3,8,171~5,8,171
4,2,271~4,5,271
2,8,272~5,8,272
7,3,221~9,3,221
5,1,62~5,1,62
7,3,81~9,3,81
2,4,284~2,6,284
8,4,123~9,4,123
7,5,185~8,5,185
6,8,166~6,9,166
0,0,272~0,2,272
0,0,142~0,0,144
2,0,90~2,0,92
6,8,52~9,8,52
1,2,166~2,2,166
1,5,78~1,8,78
2,3,43~2,4,43
0,6,143~0,7,143
4,4,242~5,4,242
2,1,145~5,1,145
1,2,223~4,2,223
7,2,173~7,4,173
4,2,209~4,3,209
9,6,229~9,8,229
4,2,237~7,2,237
1,9,246~1,9,249
2,9,70~4,9,70
2,4,99~2,6,99
8,2,148~8,5,148
3,7,184~3,7,186
7,9,263~8,9,263
7,5,255~9,5,255
3,4,176~3,7,176
4,3,204~6,3,204
8,3,300~8,5,300
3,9,60~3,9,61
5,2,93~5,2,95
7,4,300~7,5,300
1,2,167~1,5,167
6,7,185~6,9,185
9,7,13~9,9,13
2,2,224~2,5,224
7,5,291~8,5,291
3,3,2~3,4,2
6,3,163~6,4,163
2,3,168~3,3,168
2,2,83~2,4,83
2,9,256~3,9,256
1,5,208~1,8,208
1,5,293~1,7,293
6,0,8~9,0,8
5,4,235~5,5,235
0,5,77~0,5,79
2,2,160~4,2,160
6,0,297~6,1,297
2,0,145~5,0,145
6,3,11~8,3,11
8,1,82~8,3,82
8,4,296~8,8,296
1,9,150~4,9,150
1,2,72~2,2,72
1,5,63~2,5,63
5,5,281~5,7,281
7,4,95~9,4,95
9,2,24~9,5,24
8,0,154~8,3,154
5,3,263~7,3,263
2,2,234~5,2,234
0,9,23~2,9,23
7,6,108~9,6,108
0,1,57~0,2,57
5,4,250~5,7,250
2,9,154~3,9,154
2,2,150~4,2,150
3,3,77~3,5,77
6,2,125~8,2,125
3,8,85~3,8,87
8,6,71~8,8,71
3,6,248~3,7,248
7,2,210~9,2,210
7,7,193~9,7,193
0,2,129~2,2,129
0,5,21~3,5,21
0,2,82~0,4,82
2,5,83~2,8,83
7,1,176~7,3,176
4,3,266~7,3,266
4,4,262~4,7,262
0,0,36~0,2,36
2,3,190~2,5,190
8,6,21~8,9,21
1,2,15~3,2,15
3,1,71~5,1,71
4,6,98~4,6,101
2,3,254~2,6,254
0,1,133~0,4,133
5,8,269~7,8,269
6,2,167~6,4,167
0,6,250~0,9,250
3,1,270~3,4,270
9,5,167~9,8,167
7,6,174~7,8,174
0,2,248~1,2,248
6,9,297~7,9,297
5,1,205~5,2,205
6,7,165~6,7,167
7,4,21~9,4,21
2,7,169~3,7,169
3,5,262~3,7,262
0,7,275~2,7,275
1,6,255~3,6,255
1,5,60~1,5,62
5,3,233~5,6,233
4,4,147~4,4,147
0,6,6~1,6,6
2,3,282~2,6,282
6,4,18~8,4,18
9,4,244~9,5,244
0,4,61~1,4,61
6,1,162~6,3,162
4,1,171~7,1,171
0,3,70~0,4,70
2,4,80~3,4,80
4,0,298~4,4,298
8,3,87~8,5,87
1,5,278~1,6,278
2,0,187~2,2,187
2,4,124~3,4,124
2,2,193~4,2,193
3,8,122~6,8,122
0,2,156~2,2,156
4,4,23~4,4,25
3,2,275~3,4,275
0,2,288~0,4,288
4,8,27~6,8,27
8,6,245~8,7,245
1,6,80~1,7,80
1,0,207~1,0,209
6,5,298~8,5,298
7,8,227~7,8,229
4,6,5~8,6,5
9,1,2~9,3,2
5,6,273~7,6,273
8,7,72~9,7,72
6,9,12~6,9,14
6,5,21~7,5,21
7,8,293~9,8,293
7,4,218~8,4,218
3,6,279~6,6,279
0,2,255~2,2,255
3,0,301~6,0,301
5,6,6~5,8,6
0,0,140~0,0,140
2,7,194~2,8,194
4,2,56~6,2,56
6,3,30~6,6,30
3,2,93~3,2,95
4,7,3~5,7,3
3,0,142~5,0,142
6,7,151~8,7,151
9,1,128~9,2,128
2,3,32~2,3,35
5,0,44~8,0,44
3,4,265~3,5,265
9,6,253~9,7,253
2,8,56~4,8,56
0,0,34~3,0,34
6,8,266~8,8,266
1,0,31~3,0,31
0,6,186~3,6,186
7,3,253~9,3,253
7,4,86~8,4,86
0,1,53~0,3,53
2,2,126~3,2,126
1,9,50~3,9,50
0,9,181~1,9,181
1,6,126~1,6,129
4,1,278~5,1,278
5,1,3~5,2,3
7,6,190~7,7,190
7,1,32~7,3,32
8,3,121~8,5,121
4,0,260~4,3,260
2,0,52~4,0,52
8,9,10~9,9,10
0,7,170~2,7,170
0,8,245~0,9,245
5,3,125~5,4,125
1,6,241~1,7,241
2,2,280~4,2,280
5,8,225~7,8,225
6,6,154~8,6,154
2,4,277~2,6,277
6,1,277~6,2,277
6,1,22~6,3,22
3,4,90~3,6,90
4,6,113~4,7,113
7,3,165~7,6,165
2,8,47~4,8,47
3,2,239~3,2,241
3,4,160~5,4,160
2,9,132~3,9,132
6,5,215~8,5,215
1,7,48~4,7,48
7,1,247~7,2,247
7,3,164~7,5,164
4,1,100~5,1,100
0,3,65~2,3,65
2,8,242~2,9,242
8,1,3~8,4,3
3,8,207~6,8,207
4,0,4~4,0,6
9,3,252~9,5,252
7,5,36~7,6,36
5,7,17~7,7,17
2,0,1~2,1,1
1,0,275~1,2,275
3,9,88~6,9,88
5,4,263~5,6,263
3,3,74~3,5,74
5,7,147~5,9,147
4,5,286~5,5,286
3,7,50~4,7,50
4,2,13~4,2,14
2,0,283~4,0,283
6,0,276~6,0,277
2,6,46~3,6,46
3,3,273~3,6,273
7,3,132~9,3,132
2,2,219~3,2,219
1,2,58~1,6,58
3,8,289~4,8,289
4,1,25~4,3,25
2,5,84~2,8,84
1,0,147~4,0,147
6,6,303~6,8,303
3,0,209~7,0,209
1,3,125~1,5,125
0,1,15~0,3,15
3,2,80~5,2,80
9,0,180~9,3,180
3,9,9~6,9,9
8,7,300~8,7,300
5,7,160~7,7,160
8,5,12~8,5,14
4,3,108~6,3,108
2,8,245~4,8,245
2,0,182~2,3,182
3,0,254~3,1,254
3,4,6~3,6,6
6,4,115~6,5,115
3,7,258~3,9,258
7,7,297~7,8,297
1,6,7~3,6,7
8,2,9~8,5,9
7,9,1~8,9,1
2,2,286~2,4,286
3,5,211~6,5,211
4,1,64~4,2,64
8,5,89~8,8,89
2,5,218~2,6,218
6,2,259~9,2,259
4,9,18~7,9,18
5,7,232~8,7,232
1,1,279~2,1,279
4,9,250~6,9,250
6,5,222~6,6,222
7,0,74~7,0,75
6,2,73~9,2,73
1,0,213~1,1,213
1,5,235~3,5,235
0,9,129~3,9,129
4,5,98~7,5,98
5,2,295~7,2,295
3,3,129~7,3,129
1,6,244~1,8,244
7,7,183~9,7,183
2,4,18~2,6,18
5,0,194~8,0,194
2,8,61~4,8,61
7,2,139~7,6,139
1,6,43~3,6,43
1,1,146~3,1,146
0,6,137~3,6,137
9,6,287~9,7,287
3,7,42~4,7,42
2,6,67~4,6,67
3,8,64~5,8,64
3,2,170~3,4,170
3,1,48~4,1,48
9,3,84~9,5,84
7,4,167~7,5,167
6,8,212~9,8,212
9,1,153~9,3,153
7,2,244~7,4,244
5,8,22~7,8,22
3,3,141~3,5,141
8,3,138~8,5,138
2,1,191~2,1,193
2,5,237~4,5,237
0,4,218~1,4,218
1,7,290~4,7,290
3,2,272~6,2,272
5,6,246~5,8,246
9,0,178~9,2,178
4,1,174~4,1,177
5,5,147~8,5,147
8,0,137~8,3,137
2,8,275~5,8,275
1,8,248~1,8,248
4,2,288~4,4,288
7,2,207~7,4,207
2,6,87~2,7,87
9,5,3~9,7,3
4,3,170~6,3,170
0,0,200~2,0,200
4,4,142~8,4,142
2,3,120~2,5,120
6,2,170~6,2,171
9,6,211~9,8,211
0,5,163~2,5,163
0,2,62~0,4,62
4,0,97~4,0,98
8,1,134~8,3,134
2,7,15~6,7,15
3,7,263~3,7,265
6,7,168~8,7,168
8,0,227~8,0,230
0,9,71~3,9,71
2,8,255~4,8,255
0,3,189~2,3,189
6,8,121~9,8,121
8,6,235~8,8,235
0,2,51~3,2,51
4,4,27~6,4,27
0,7,48~0,9,48
5,3,159~7,3,159
7,8,86~8,8,86
9,5,139~9,8,139
6,7,229~8,7,229
4,5,274~4,5,277
7,1,172~7,4,172
0,3,278~0,4,278
2,2,77~2,3,77
7,6,181~7,6,183
0,6,142~0,8,142
7,0,140~7,2,140
7,5,131~7,7,131
2,2,134~2,4,134
6,8,4~9,8,4
8,3,88~8,3,88
1,6,229~4,6,229
1,1,141~1,3,141
0,2,286~0,4,286
6,1,95~7,1,95
4,2,17~4,5,17
4,2,270~4,2,270
6,5,220~9,5,220
3,1,199~6,1,199
6,3,113~6,5,113
7,9,173~9,9,173
1,5,154~3,5,154
2,5,215~2,7,215
1,9,58~3,9,58
6,3,198~6,3,200
8,1,231~9,1,231
0,1,201~0,2,201
6,0,50~8,0,50
2,2,12~2,4,12
2,9,114~5,9,114
0,4,217~0,5,217
1,6,162~3,6,162
9,1,224~9,5,224
6,2,59~9,2,59
2,5,60~2,8,60
7,1,33~9,1,33
4,4,149~4,6,149
0,0,136~0,2,136
5,8,172~5,8,172
3,1,267~3,3,267
3,9,285~4,9,285
8,3,6~8,5,6
0,7,21~0,9,21
1,9,24~3,9,24
4,1,4~6,1,4
0,8,251~0,9,251
1,0,33~4,0,33
6,6,2~6,9,2
7,4,97~7,5,97
4,9,229~4,9,229
9,2,291~9,5,291
4,0,79~4,1,79
7,1,66~7,1,68
6,5,51~7,5,51
6,4,219~6,6,219
4,3,35~4,5,35
7,2,174~7,3,174
1,6,123~1,8,123
6,0,33~8,0,33
4,7,33~6,7,33
0,0,247~2,0,247
7,3,42~7,4,42
5,4,159~7,4,159
2,3,36~2,5,36
9,7,171~9,9,171
3,0,206~3,2,206
4,4,226~4,6,226
5,3,207~5,5,207
2,5,140~2,5,141
6,3,115~9,3,115
8,7,124~8,8,124
5,6,278~8,6,278
4,2,232~4,4,232
4,0,188~4,3,188
1,5,138~1,7,138
5,7,36~5,7,37
5,0,15~8,0,15
6,0,142~9,0,142
9,1,90~9,4,90
6,8,256~8,8,256
1,8,50~1,8,52
3,5,286~3,8,286
1,6,39~1,8,39
8,1,244~8,3,244
6,7,48~6,8,48
9,1,223~9,3,223
0,1,165~0,4,165
0,4,164~0,5,164
2,7,239~3,7,239
5,1,143~7,1,143
5,7,247~7,7,247
2,6,97~4,6,97
1,7,140~3,7,140
2,2,251~2,3,251
2,2,279~2,5,279
7,4,275~7,6,275
3,2,169~3,6,169
6,4,248~8,4,248
8,2,76~8,5,76
8,8,261~8,9,261
0,5,245~3,5,245
3,8,202~4,8,202
4,6,223~5,6,223
7,5,27~9,5,27
8,2,127~9,2,127
5,6,180~5,7,180
3,6,84~5,6,84
3,5,27~5,5,27
1,4,242~1,7,242
1,3,230~3,3,230
4,3,219~7,3,219
2,6,126~2,8,126
3,5,107~5,5,107
2,1,277~4,1,277
1,3,213~1,5,213
1,5,28~1,6,28
4,1,58~4,3,58
2,4,24~2,5,24
3,2,91~6,2,91
3,0,83~3,0,85
6,5,225~8,5,225
4,4,38~7,4,38
9,0,265~9,1,265
9,3,264~9,5,264
8,1,177~8,1,178
6,2,24~8,2,24
0,3,68~2,3,68
1,5,211~1,6,211
8,3,283~8,3,286
7,5,1~7,8,1
4,4,124~6,4,124
8,1,141~8,3,141
0,7,279~0,9,279
2,4,86~5,4,86
1,6,243~1,7,243
4,8,169~5,8,169
2,1,165~2,4,165
3,4,145~4,4,145
5,3,14~5,3,15
4,0,190~7,0,190
0,8,144~2,8,144
9,2,264~9,2,266
8,5,81~8,7,81
8,9,174~9,9,174
5,7,257~5,7,257
3,1,195~3,1,198
6,3,246~6,3,248
2,8,58~3,8,58
0,2,60~0,5,60
5,5,1~5,7,1
2,1,273~2,4,273
0,4,169~1,4,169
9,1,7~9,2,7
2,3,265~4,3,265
1,2,92~2,2,92
2,1,41~2,3,41
1,0,1~1,1,1
6,9,169~8,9,169
1,6,274~1,8,274
3,7,16~6,7,16
4,3,135~4,5,135
6,2,135~6,5,135
5,8,259~7,8,259
1,6,270~2,6,270
2,2,37~2,3,37
5,7,267~5,9,267
6,7,294~6,9,294
1,5,30~1,8,30
8,0,243~8,2,243
1,1,3~2,1,3
1,1,246~3,1,246
7,0,164~9,0,164
1,8,178~4,8,178
2,1,58~2,3,58
0,4,287~0,6,287
3,3,247~3,6,247
3,0,74~3,1,74
0,2,195~0,3,195
3,3,183~3,7,183
9,4,289~9,6,289
4,6,230~5,6,230
5,4,101~7,4,101
5,8,50~6,8,50
5,2,134~5,2,135
2,4,81~2,5,81
1,1,47~1,1,47
5,7,272~6,7,272
9,5,173~9,6,173
0,2,74~0,5,74
5,7,51~7,7,51
8,6,301~8,8,301
7,0,143~7,0,145
5,6,224~5,9,224
4,6,241~4,8,241
5,5,209~5,5,210
2,1,88~2,3,88
0,4,102~2,4,102
3,2,128~3,2,130
3,6,283~3,8,283
6,6,292~6,9,292
3,5,199~3,8,199
3,4,16~3,6,16
4,8,92~4,9,92
0,7,43~0,9,43
3,6,40~3,8,40
9,3,171~9,5,171
3,1,287~3,2,287
4,0,279~6,0,279
3,5,186~3,5,188
7,2,63~9,2,63
9,1,133~9,1,133
0,6,126~0,9,126
1,0,261~3,0,261
7,2,213~8,2,213
6,0,302~7,0,302
2,7,1~3,7,1
4,3,205~4,3,206
0,4,67~1,4,67
6,7,249~6,9,249
7,1,93~9,1,93
5,7,83~7,7,83
4,0,239~6,0,239
5,2,74~5,5,74
7,1,3~7,3,3
1,2,10~5,2,10
7,6,286~9,6,286
4,6,174~6,6,174
6,5,55~7,5,55
0,1,159~0,3,159
5,2,84~8,2,84
5,1,277~5,2,277
0,3,36~1,3,36
0,4,196~0,4,198
7,1,163~7,3,163
1,2,75~1,4,75
0,7,41~0,8,41
1,2,84~2,2,84
7,3,110~9,3,110
8,5,288~8,7,288
6,8,238~6,8,239
7,5,142~7,8,142
7,8,184~8,8,184
3,0,211~3,0,213
3,7,254~3,9,254
2,5,178~5,5,178
5,4,173~5,7,173
4,0,291~4,2,291
6,8,165~9,8,165
8,2,165~8,2,167
6,3,279~7,3,279
3,4,161~3,6,161
3,4,229~6,4,229
4,2,103~4,2,105
8,1,263~8,1,265
1,4,266~3,4,266
0,4,246~0,6,246
4,1,248~4,3,248
0,4,289~0,7,289
8,6,68~8,6,69
0,9,176~3,9,176
6,4,32~6,7,32
8,6,87~8,9,87
9,5,250~9,7,250
2,3,186~4,3,186
0,0,12~0,2,12
0,2,55~2,2,55
7,7,74~9,7,74
4,1,66~4,3,66
5,0,193~8,0,193
6,6,270~6,8,270
0,2,132~2,2,132
9,1,65~9,3,65
1,9,53~4,9,53
4,6,166~4,8,166
7,5,221~9,5,221
3,2,89~3,4,89
6,2,250~8,2,250
3,7,276~5,7,276
3,3,71~4,3,71
5,6,280~8,6,280
6,1,175~9,1,175
0,2,90~2,2,90
2,9,54~2,9,56
1,3,30~3,3,30
6,3,282~9,3,282
4,1,211~4,1,212
7,6,157~7,8,157
6,7,36~6,7,39
0,3,90~3,3,90
4,2,294~6,2,294
8,4,216~8,7,216
0,2,105~0,4,105
3,8,276~5,8,276
2,8,21~4,8,21
0,4,12~0,4,13
3,1,61~6,1,61
2,8,53~5,8,53
4,9,175~5,9,175
0,5,11~0,8,11
3,6,287~3,6,288
3,5,110~3,8,110
6,9,262~8,9,262
5,0,221~5,3,221
3,4,10~3,6,10
0,0,79~2,0,79
2,4,243~2,4,244
6,2,166~6,3,166
4,2,190~4,4,190
4,7,163~6,7,163
0,7,120~3,7,120
7,1,227~9,1,227
4,0,141~4,3,141
9,5,227~9,7,227
8,3,63~8,5,63
4,1,15~5,1,15
6,3,86~8,3,86
5,5,292~5,7,292
6,5,163~6,6,163
1,3,277~1,4,277
0,9,122~2,9,122
8,5,66~8,6,66
7,8,294~9,8,294
9,4,112~9,7,112
0,8,131~0,9,131
3,1,2~3,1,4
6,6,123~8,6,123
4,0,1~5,0,1
9,3,278~9,5,278
0,3,136~2,3,136
1,6,130~3,6,130
7,2,262~7,4,262
2,9,173~4,9,173
4,3,130~4,6,130
5,4,252~5,4,253
9,2,209~9,6,209
8,2,151~9,2,151
6,3,284~6,5,284
0,6,89~0,8,89
6,7,234~7,7,234
2,8,151~2,9,151
2,1,197~2,3,197
5,0,212~5,0,215
0,6,44~2,6,44
1,5,206~3,5,206
2,3,111~4,3,111
7,9,20~8,9,20
9,1,262~9,4,262
3,7,22~3,9,22
1,5,139~2,5,139
1,3,259~4,3,259
8,7,35~8,8,35
7,1,271~9,1,271
5,3,106~5,5,106
6,3,224~8,3,224
5,4,149~8,4,149
8,5,161~8,5,163
6,1,130~6,3,130
0,6,141~2,6,141
1,6,114~1,8,114
7,5,217~7,7,217
8,0,197~8,1,197
0,8,147~0,9,147
8,4,96~8,5,96
5,4,145~5,7,145
8,4,262~8,4,263
0,1,22~0,5,22
5,6,39~6,6,39
3,3,88~3,4,88
6,3,277~6,5,277
5,2,14~6,2,14
0,8,281~1,8,281
0,4,143~2,4,143
3,0,237~3,3,237
3,7,167~5,7,167
5,3,161~8,3,161
7,1,180~8,1,180
2,0,48~2,2,48
6,0,41~6,3,41
3,5,278~5,5,278
2,4,121~5,4,121
1,0,250~2,0,250
5,9,22~7,9,22
0,4,135~0,6,135
7,2,91~9,2,91
1,1,45~3,1,45
4,1,76~4,4,76
4,2,283~6,2,283
2,3,278~4,3,278
5,5,122~5,7,122
1,1,247~1,1,248
6,0,69~8,0,69
6,4,206~9,4,206
5,7,227~7,7,227
0,7,46~0,7,47
0,0,198~0,3,198
1,0,140~1,0,142
8,4,299~8,8,299
4,0,25~6,0,25
4,0,101~5,0,101
1,1,179~4,1,179
3,0,88~3,0,89
1,3,238~5,3,238
7,4,246~7,6,246
4,1,18~6,1,18
1,8,239~3,8,239
1,1,190~2,1,190
2,2,162~2,5,162
5,5,256~7,5,256
3,2,23~3,4,23
6,6,295~6,7,295
4,2,93~4,2,93
4,4,34~6,4,34
1,9,52~3,9,52
4,9,188~4,9,188
7,8,169~7,8,171
4,0,280~7,0,280
1,3,246~1,3,247
7,8,159~9,8,159
3,1,290~3,2,290
7,3,12~9,3,12
9,0,230~9,1,230
3,4,277~3,4,278
0,5,257~2,5,257
5,1,247~6,1,247
7,4,87~7,7,87
2,0,43~2,2,43
4,4,55~4,6,55
2,1,241~2,3,241
1,2,25~3,2,25
1,5,75~1,7,75
7,3,107~7,6,107
3,7,174~6,7,174
7,8,263~9,8,263
7,6,180~7,8,180
9,4,258~9,7,258
3,5,301~3,6,301
0,5,221~0,5,222
2,3,228~2,4,228
2,4,247~2,5,247
4,0,293~4,2,293
0,5,75~0,7,75
2,2,153~2,5,153
5,2,17~5,2,20
3,3,195~6,3,195
6,1,87~9,1,87
3,0,62~3,2,62
4,7,17~4,9,17
3,2,7~3,5,7
0,1,269~3,1,269
3,9,6~5,9,6
4,1,295~6,1,295
4,3,235~4,5,235
2,7,193~4,7,193
7,1,274~7,1,277
2,0,130~2,3,130
2,5,233~3,5,233
2,0,29~2,2,29
7,6,110~9,6,110
1,5,64~1,7,64
4,8,162~7,8,162
4,6,301~6,6,301
5,3,256~8,3,256
0,6,26~3,6,26
7,2,95~9,2,95
4,1,6~4,1,6
1,2,145~1,5,145
6,3,19~6,5,19
8,6,166~8,8,166
6,7,82~6,9,82
5,2,30~5,4,30
7,0,35~8,0,35
3,0,189~5,0,189
0,7,192~2,7,192
6,7,261~8,7,261
1,7,112~4,7,112
4,9,264~6,9,264
0,0,87~2,0,87
9,0,213~9,3,213
4,6,176~6,6,176
0,4,276~3,4,276
8,0,163~8,3,163
5,5,158~9,5,158
0,0,205~2,0,205
1,8,44~3,8,44
7,9,265~7,9,266
6,5,81~6,7,81
4,4,14~7,4,14
3,6,66~5,6,66
3,5,282~3,6,282
2,5,208~4,5,208
3,2,291~3,4,291
2,8,5~2,8,6
6,4,161~6,6,161
0,7,117~1,7,117
4,0,96~4,0,96
1,1,194~3,1,194
5,0,13~5,3,13
5,8,92~8,8,92
2,7,131~2,9,131
6,0,17~6,2,17
9,7,102~9,7,104
1,6,113~3,6,113
8,6,84~8,8,84
0,0,185~2,0,185
7,2,269~8,2,269
1,0,85~1,3,85
5,6,290~7,6,290
6,5,206~6,7,206
0,8,14~0,9,14
0,9,124~2,9,124
8,1,261~8,2,261
4,9,73~4,9,76
6,7,42~6,7,45
9,3,248~9,6,248
1,8,235~4,8,235
0,6,13~2,6,13
1,5,93~4,5,93
1,0,64~3,0,64
9,1,214~9,4,214
0,2,10~0,5,10
4,0,93~7,0,93
5,4,133~7,4,133
2,1,117~2,3,117
2,2,27~2,3,27
0,6,125~2,6,125
3,2,120~3,4,120
4,1,54~4,4,54
2,8,43~4,8,43
3,5,258~3,6,258
8,8,259~8,9,259
3,1,226~3,3,226
7,0,297~7,3,297
8,4,171~8,6,171
4,6,305~6,6,305
6,0,90~6,3,90
1,6,212~1,8,212
0,9,69~2,9,69
0,6,276~1,6,276
3,5,100~3,8,100
0,8,246~1,8,246
3,6,123~3,7,123
6,3,244~6,5,244
7,4,100~7,4,100
3,3,150~3,3,151
9,0,66~9,1,66
8,4,100~8,7,100
1,8,196~4,8,196
7,5,8~7,7,8
8,3,172~8,4,172
6,8,6~6,9,6
