5808198
14138889
15377755
6779598
7074528
15028890
4543087
7985518
14046433
11432416
3292786
3237601
13266955
3379208
13261660
1451025
11193635
849062
7785227
2790149
15241454
7014552
1133379
6516836
14662239
4593662
8112545
12292177
5616833
15031451
7448535
3789581
1598184
9058283
10358780
7778096
8301046
935684
14214107
4736419
15264249
511490
3396754
12475645
9613458
9754392
5391620
7361422
15183118
4283367
9188554
2703087
10741139
5672874
13352583
13275877
3160532
7251962
10098344
11740423
14037070
3910046
3508895
8056008
4073293
3881135
13834207
4392286
9538075
9388232
11589829
13639250
13259832
11705452
4652989
10579353
11970602
748526
13918676
2453661
10663013
1465705
8445173
6047176
12299992
1321466
8396504
16280566
1699345
13730420
5020607
7363975
763252
1091624
637628
11288510
9211863
6041344
816203
11471277
8183983
1093182
5481122
245265
9805673
5592705
15406340
3151428
15108537
12842900
7787532
5185455
14657689
3704930
16506777
13008429
10078020
8448264
10204078
14043715
7228377
14588831
11793237
16168751
7593316
15953289
13783809
6097041
16028360
3502683
5837491
388794
11131029
6933624
12097147
5802375
5769457
14626658
4765107
3821882
11143122
10094187
15116673
9474263
11779656
264461
1953259
8610607
9152780
9350817
5380340
3606799
7532696
16082531
3859664
10391787
6535909
10113212
15190132
8920264
12394595
7677174
6705196
747320
6874635
3816429
1360428
6005236
4377959
14862167
11484233
13788336
4317193
8324689
13999191
9730008
12910172
2743703
802501
1638680
16746735
12993683
12049221
12156348
134906
1784513
12126347
14247307
5657777
10079121
15356424
5111265
8783616
9796528
12755186
3694013
3231881
482089
7147422
9358784
14545974
4523321
9983865
13125663
10241105
3525333
5956034
9566765
16148774
7074062
2182431
2504762
15994645
11713103
516648
6200156
15423884
5333575
5839309
203783
10382797
11624924
14540380
15032922
11736368
8875005
16360924
8094348
5823133
8677232
10270212
3970823
12654899
14751201
7918370
5480338
14623325
12425050
14026427
5870361
11523964
14621766
1049743
14964157
1158630
10553499
6989899
2903096
2517844
3000950
9172682
9268686
15027181
495262
16226167
6501566
11958740
3063760
15773660
1486690
12224452
7889781
2029847
10788901
4273211
10916245
757580
7949553
16337140
503628
13818562
6483377
4495826
4197580
9878467
16712295
16029422
4389695
15876544
9044319
2338415
613680
12406431
4219667
16247749
14530357
11007104
11471023
12018235
2658185
1094011
663873
13467721
11846652
3618385
1912384
11034321
9095023
8103204
11114315
13331283
5401668
5597335
6599911
16635224
13111758
4349181
3770218
4083118
11034794
1847352
12318771
311467
6881060
2293066
13427991
6787952
5842051
5790078
5834227
2086461
6496735
11574867
10389567
11211552
12051087
16400427
8579541
7641017
16527054
309752
780326
6292102
14604858
2686200
15423898
5218069
2674440
11115664
7104816
11393154
2195367
6817090
16659952
16340519
1324092
3413415
7628405
7783108
10748448
6767892
10111361
8573528
16658895
6240398
8449358
8967618
6436386
11274069
10999110
427153
4128448
6717493
16457415
11734214
5233069
11090778
8244894
9688324
15848881
13049177
6576168
1544056
6935297
10474115
13383999
7576043
5007877
5675377
696688
14778802
3236734
14421050
3193998
7577547
16554628
5590110
15298058
2351624
4936132
15372793
1210723
6107505
2616174
14313056
5208449
9611987
4442065
8667303
12008135
636209
2827108
13206336
227214
6654253
13110069
2189299
13001147
8457349
12707869
2678583
16542783
15600802
6246173
5579770
7037333
11102897
3959110
13326716
6934150
9974281
3647818
4800751
10897401
5623430
14289287
14709778
11867392
236370
12299451
15389691
16425212
5583567
5342993
16151472
4192829
6923688
8017436
12935196
12848516
319653
11232929
16098908
13673301
5168843
3002290
10746160
1054567
1447459
4085093
9415333
12247318
3480054
2497530
11231998
12596313
14576556
15128494
8017143
14811540
12358694
11857806
13346142
1932858
3869022
8907748
1541139
8197495
13121335
16772244
15661649
8744131
1627581
8997527
14539028
8792499
5577366
6294359
12015168
7459379
5066314
4431397
6150930
3654683
11395058
8144184
1250839
2261483
12235278
5598694
5214665
14872191
4159953
8163490
7772799
9592231
15109565
3967540
14816849
11487664
10766670
13559344
2081519
9046847
4296854
1935446
1506396
8257325
16535537
11034801
2840277
6310551
14604421
2838187
9095671
5502417
5599731
13800241
2848401
5163189
3775419
1954555
4061000
2845502
15037642
4647350
4401524
11559578
6700365
14614124
467785
14352733
7374172
13718243
11143573
9506784
14119408
601084
14503416
5401790
4366517
4885027
1567134
4858535
467325
10610663
7732222
12402203
11549085
14230408
4660323
13447143
7678284
9664498
13445948
13680345
10544350
8451098
11321716
6604970
11537162
3294718
2093903
6849984
7976364
5413548
992611
3813955
3861278
10258384
10260594
2115276
4473594
11978483
10412038
3178750
3606854
2388097
4156099
8810059
1117722
14312961
2483811
13491818
9901430
3922290
1339245
9327915
11416200
6427865
7094672
16079287
14838438
9413188
5162152
12994994
10479170
12198720
5539637
4875840
3756194
5572788
10650896
13059451
12673399
11602557
11439094
14229958
1568122
4188870
4899410
14939891
9192443
6194479
1643394
11510123
9668269
8800049
7705249
14729777
15629906
3370728
16612725
5298679
1251753
14115191
13393924
15633008
12526516
11811769
1350109
1916281
4795080
8106126
1577942
10908405
6642141
6500698
7859085
13491652
5566804
11677842
855198
873390
16243474
6591774
174596
15780067
15384251
381282
14552983
15883092
4795947
14269263
3395618
5007875
4105864
5672339
891642
3360357
4904964
2510399
9203810
11534053
16057409
8599221
9314685
4042677
5921073
16071822
2450138
9611112
14058445
13317439
10210052
10112236
4704845
12748798
11087041
473643
15648866
8412188
14244354
11167415
9918663
2271065
2800809
8445666
15316421
4096328
14665864
14649850
9749892
8869815
5849658
14644317
1423044
8703583
13046642
5328087
12342829
2790067
4653982
11337171
14230453
10202508
9600447
1511362
14379411
1894611
15507036
9222271
271090
8640715
1399176
7856256
11800315
3717308
5086438
1904663
13960457
3367651
3086219
4395617
5414825
2073966
3847560
4025896
3618210
7377673
1573330
179298
5663127
6506278
8086275
15586794
6447572
7609743
11508077
531374
5437858
15817756
4838022
7234449
6319080
13673882
13243068
5428777
688918
15775685
12803648
3939240
5319745
6063420
11132731
7292507
12665325
9361603
8189781
982148
14472810
6855398
16029539
5461905
2720928
12216115
13368667
8321372
10035459
3230877
13232770
2164333
3426790
5957254
3738929
6319122
14419593
4461280
10321432
7296965
3739201
4562826
14503011
5021745
12131512
8892064
1694122
7111951
951465
4796629
7840207
16146230
15865729
13217609
3841942
11156261
5342526
9063743
4728793
3201969
8787016
13705015
8873675
16717246
1932379
13302158
15658965
5045822
3260800
10358408
5410045
2686803
5379032
8786957
16247290
15723753
9723447
14042558
10374206
2935498
5943279
5839408
10514564
12692245
16573628
6597397
8274555
12859820
11774090
15858168
5214287
9823574
10975987
14604022
6057189
438067
14083938
8930870
15774883
2056807
4160118
13170051
16145583
10227205
1950405
14311023
6084461
15345589
13109787
8086677
9575980
14330838
560234
1180791
12501659
13444500
10115585
5865250
2748101
10281936
16735002
14840701
2444012
6436007
15801017
1947767
5796285
12230141
14882213
2774445
16299979
7623557
14204851
16419633
16160587
8462222
15840483
7466777
9619357
9070893
8094840
16634204
6216950
501053
10555959
1146382
11725591
10638928
11731935
3071152
10809790
13346465
8415071
1780363
2911731
8705276
11106257
464712
3742730
5516981
15721452
12773372
12734127
11832253
9334711
5183179
9568971
11301743
10841167
15689193
11960993
2215596
1045295
10018162
15183590
1360796
243139
2594253
5787403
2936474
16358958
9012688
4046156
14286818
4030975
10905004
6765434
9792440
10701583
10274770
4509128
12656940
13090047
2627760
2485539
952048
15750868
4564690
4079101
13749312
16690895
10625118
4060799
16417374
12546830
1256005
16724876
9478119
2773669
9798308
16601564
1550087
2445476
1852367
2415589
641110
15742002
6468191
11262248
16472913
6436352
194375
7445431
14446642
2880380
12863881
956587
13663048
14928591
12089980
7580542
15983872
5029670
14962114
11949546
6273350
6621930
11686981
5984821
14004800
3912827
3117388
135033
13808375
6580602
3507108
2462351
824328
5186591
15490116
1283565
6511707
9811207
5925260
5485267
2420583
2046391
10801957
13478323
12421057
6833273
12095772
6589117
949341
7828595
5146969
673023
1025871
13524153
12485577
9827948
8518329
3784134
13588467
15787162
12479012
10917376
9148505
8073435
4139166
1424182
10611278
1818047
15371418
8343417
8527143
5385172
9223941
2701206
424875
4709068
11081909
6616908
13852560
1457901
6944259
3878799
1178250
10818558
13527382
4986038
189440
12696181
4390948
15215814
12136419
14533883
15697967
1284416
11182972
5639906
13240733
7744141
827877
981848
11006984
11470264
1004842
11095208
15504810
147051
963446
6989290
1016427
16410372
5221295
6800393
3903975
14462566
2226960
3278857
7791927
12981874
14811098
16220102
8070369
7011927
4584758
3235734
2843175
4554899
9511814
8468799
4332218
5295420
5509149
1591281
14516196
11205967
1640735
11876335
7987240
3283665
2398149
9760670
315810
13826881
13274544
8802766
14498193
376146
9454366
3191261
16687062
944120
8979701
7861640
3887524
224970
7867513
10817762
7598618
13719105
16394315
12307214
3168294
11921594
3250393
9857276
8876990
15690511
5749491
133750
13940556
2425991
6077283
4587605
1364507
15438108
13866908
4271284
5628780
1427068
11180947
2052754
1935665
11786983
9235595
13372686
652873
9476293
15642209
14459662
13670562
8737312
14298466
3470820
2204888
4770615
13700091
2816995
10309762
14138155
701158
10643127
3845041
2731088
8959318
10996622
8211238
7146186
14754487
13214958
8096782
10698548
5314082
9195092
14073446
1799051
11831898
8346707
549018
4108827
11565423
580668
11048041
14911528
8231572
11253711
10202842
14632953
4407442
15994820
10957187
14677843
2597233
6385232
3499908
15034312
6387080
8226076
5599791
16112945
4309737
6701923
6669705
8057677
772989
11250974
11485633
1281535
4227474
13463161
15165725
14018220
5261730
2480829
4730816
7345429
14412360
13188944
9562517
823736
13874688
10046760
958346
13593295
6399798
2173313
7743062
12417864
5070710
14255199
1151819
16292745
7200816
8004779
8379567
11415162
6233988
14395771
12691658
10993987
4071362
15532607
3831263
5624125
16078367
6438736
893984
2738435
10253804
1113430
12819996
14316282
16399149
7449542
11655647
4162718
7652076
1596585
3736293
10650042
4664026
4158850
15855551
8814840
5666313
9142798
14390375
4244395
14519151
11226427
7585870
8945754
7478724
5650050
8901441
2396760
12948704
927066
12104640
13914119
3795046
16606524
10228089
8250479
3120046
8173114
5150041
16775058
4236618
5295042
12262121
14479996
6195799
9033908
14537362
2553897
1046747
10774649
3634932
14021224
7597564
13769781
2172525
9271657
4736678
9610423
13591238
8815908
1795165
10807587
6682904
8575181
14505594
14310086
16498938
3277133
4608753
8936389
1388900
15538279
3140337
15657947
5540064
4572471
5740583
4312934
1039125
3088624
7496036
10657154
3128640
338477
7168407
11128064
5364389
15053517
5178522
2386279
13410267
12423749
2456380
8305685
10284150
13777202
7077179
10898967
8631419
154029
13387118
1200131
1663763
9271780
7257181
12976790
9515993
6697920
14944453
11941768
3439986
1725404
2842150
15577693
3591211
10464196
12687499
9899953
16106462
6579775
12964830
14621355
9894565
5710003
6692344
8718069
1810306
8229091
2926196
11994549
12838579
14131940
14450637
6158511
16471590
2344695
7197645
11252643
16086338
1808876
205720
8590531
7584051
6202334
11381458
1852638
11683798
11405476
1621803
15884948
2501751
6658534
12032940
6663337
1542348
2860188
8821392
9607709
11480781
10250744
11514647
8328832
15975296
6407649
15596566
5237079
6308894
10083022
3074350
2227260
13210802
1602421
15172003
14436277
13698517
4873691
10653107
15822449
14138607
6062159
254973
15332587
14431315
14907262
1830180
1197070
13569098
9751612
789045
14855103
13232481
3495823
6212517
16189871
9419826
3951500
2649307
7466269
10060096
13899507
14648333
12360864
8067511
14907346
2200109
4625198
8025422
5867088
3439388
6512918
11919357
8993702
321001
13997991
5191903
2449770
8923191
16709261
8343603
5458617
6576368
2073626
2633286
8393318
2963101
4010188
7270873
16525083
11013732
12361331
3211176
14284653
4928380
14741395
1635232
13095952
3532144
1306476
7605405
9721064
13622995
14692961
16212651
6645325
12773477
9157671
3027750
8635864
16221844
9861463
1104771
10174721
14455637
8173497
2293777
8000381
382184
13051825
13890959
8904309
5602780
9800917
10242130
6874326
8530946
3878870
6256458
2720435
8142145
4991832
3428947
7056922
14224254
10867825
14573332
10233348
675228
2785523
8326104
15183830
1248406
1555866
6420972
14828709
15170089
8474544
3100275
2927789
6014017
14419074
15703750
3215497
10262142
8581252
13429285
6440057
7031688
8661922
14627562
13943184
8545219
6609854
10031905
9607881
12341260
6438127
15423764
9859074
15808161
14273656
7660887
5576308
8544300
12155646
6822557
13763764
4545554
13844437
16053698
3907397
7251880
10106284
5568401
3430829
12276926
2092102
15949569
10602096
9077566
1861162
11769823
13084072
9553930
5347470
13458531
6405593
16331556
13548041
12768650
4635730
14649750
1144257
13130694
1632733
14845383
13936669
1869074
15633561
8795458
11324158
9991298
3616936
11769287
3542493
14761715
16684538
16498550
12606751
1271500
11465150
10659731
14133009
5012087
13946119
13951182
7309333
9022636
3262416
10081426
11761006
12617647
628526
11238873
12352314
2145038
2350706
11502408
8970499
12805088
7546102
7673121
6255935
9852664
2669797
15969635
14417413
11075883
13271459
7722773
6109196
13555834
13561452
10331668
11401193
13723581
13381275
10048788
13318201
4020820
4057199
9270446
13116747
12915801
1577056
9285170
16533347
15674097
16446955
12839146
7715750
1189245
13947519
13486587
7775265
14244017
14862168
9654214
12942669
4277756
16758618
12749511
2258373
1173788
16485796
4464994
10031021
10473800
9111574
2747099
4179383
10366977
8732243
8200652
846662
11889485
723092
4829437
12780437
7131412
13813355
15417387
16517733
9450258
8876759
14668461
15928545
6962192
10062145
8585514
14917398
1037565
16256164
4109218
4951152
14280940
3837900
4158232
5319743
5050116
8251844
13188039
14963037
2178868
3032201
8620969
16408953
3192457
15359168
1193559
16119992
16181512
3964835
16408767
9047173
15662401
6190958
8623694
2093230
4216791
2817637
6745894
12998387
757735
8801337
3347924
11499364
15693399
13379750
15537082
4610532
13317887
1564781
5386190
6996806
13101270
14892593
5700819
3659121
16113550
5959541
11250760
9240063
9949787
16756203
16165749
6524074
10247927
3161688
15655389
7546592
12704440
12021671
6429980
2189993
7332568
13717085
9332684
8867043
12527373
13746535
8415391
6891710
2476852
11648299
14499299
11983896
15473603
12754968
6060568
1093928
9415344
4493379
5400819
1963432
15864990
10337119
13314857
8711507
3298866
2165038
15707118
2291000
6735070
16481186
1324705
8000037
15223465
683841
9592682
15229396
894728
12187864
14809057
3788874
4144473
6978379
2323109
7246910
5818712
3700818
2951153
8000000
9988191
10797329
13327037
7034806
5134712
14298874
695210
402265
4133585
2265575
15998546
11843098
15964025
14589258
4130796
9061758
11465014
6185818
16434471
8715140
14962074
2154862
16056899
10272987
4081834
6407207
14302468
13158693
5345274
6804439
136686
15568320
5258355
14899577
4996735
7129771
1268908
305587
3757740
8429160
14703455
2309558
8185288
4279500
15776328
13316228
10525761
12237036
1925031
13855167
2985281
1347418
5711995
8748392
9732897
238358
16392626
16224512
13828343
4929656
433064
9904674
9572385
11543954
13826937
3803175
8674219
4639301
5820968
4563350
3286702
1122173
11880414
7204324
6473637
11954093
11507500
4781254
7668318
5539528
3557057
6544519
13825773
168092
7175379
7305449
14980699
4965742
949279
7858911
1404958
13289820
14531717
1349319
14554766
16672509
9739777
10990131
8177277
12737599
16007697
11066086
458732
4750690
10179222
12414638
8551810
13471860
8547243
5311917
2275044
13600645
10968368
15343392
9089401
13683749
15842886
6431256
7947330
16578465
15230596
11126891
10856564
6235049
3519328
1804567
6544017
11451103
8341989
569465
10561574
12702468
9362125
3448628
16162632
12474150
13483739
8291358
4183784
395886
9818243
15499679
10007751
14309293
12211153
7400111
16320387
12079651
7732223
4169527
12039042
4445235
9632812
15075785
7543036
9606445
15643718
4575666
4104782
11199085
5763481
10545918
9571576
2334321
3619088
10662523
16256818
10400929
13915618
12555499
6496507
3964597
15660850
9451106
14494647
7932895
12181506
3733613
15798300
15986129
1557441
8741571
1753360
2914282
7007459
1020536
13184104
8733920
8462091
15869485
12349982
14787118
13404535
14209605
2996369
10627731
402924
4982336
4133534
12555495
12876162
6091602
14406696
6911600
1154436
11496382
4185230
13996744
5364714
2558463
452089
5843767
9861867
15654286
11271701
12363593
8903365
16220459
16169415
5682214
13594070
3568296
14441462
1809141
12636936
7354028
5668871
3787866
4147924
10234537
5928422
13200074
5999883
13419507
14387150
15049486
12367647
2339859
12131258
4244768
6126792
16076755
2286750
9759459
2960779
16084699
6689752
4874768
3051014
13534631
8600372
7376391
8411564
12530026
3470552
3166429
4505170
13368777
16493076
7191648
8051634
12418463
6636987
14649172
6927370
3244717
13249516
13956225
6999308
12544760
555435
13050790
11706174
12660095
10414983
11961254
10539880
11571837
12946864
9561267
13827774
14701724
8571519
2868335
2372865
5292161
13103166
3694665
12935462
14529992
14406982
2170781
5322475
13965282
11922448
5730884
1697561
271739
10389708
2194811
13701960
12167638
14684478
803613
6105499
5790746
5416794
6451790
3017482
10046700
4393192
2889690
4273340
6306180
9429975
4651878
13401148
2471257
5497218
1433820
16483431
919236
8250404
5447205
752496
6912044
10892040
15741064
8543912
449870
1049778
9512362
2503756
4373124
14908456
11265607
13206572
15100570
1827086
4429671
10439372
11523433
16763571
11824600
4193608
9553534
14151293
12534350
9215051
15150685
7676752
15464053
16697179
12124706
15691615
6621159
14292169
6483020
14626270
2521275
1725390
14251241
2273155
8464884
7328410
15075303
11496805
15320545
7677826
7707694
7197465
3801840
4491238
8420885
6142992
5320238
6584053
15901228
13339496
8264479
5041960
10625678
5301517
692270
1726707
13586419
12828156
5080933
1719583
3586108
12322771
15783327
7345935
13258176
9999476
10775217
9551946
3574917
10809761
15402656
8274114
11281562
5932186
12340766
1397622
8837647
12569534
15281921
6910830
13267848
15051253
5885858
9760363
3059490
1662536
10835284
13256474
15415879
12600194
4842100
357706
11008838
3193115
11450013
13270316
4782801
12145079
7178219
7072918
2146092
14374309
2776363
12282863
7651990
9513608
16286482
11169167
7872912
4044321
12582041
10465086
11267018
1598101
16323758
11901907
11035426
534560
2015337
8807425
9213587
14001187
8931570
8778459
11883289
12558792
7827003
1090029
9795968
16053796
8768405
10880868
10157443
12563139
9035801
12485690
14792743
14978782
2593433
7982662
15193093
8532787
12545756
16113566
7204413
4757364
1112933
13836241
6850817
4439219
1075225
10469735
14191876
13516523
4993417
8324139
1850599
592566
9313949
8585456
2426997
15410408
15065550
10738387
619697
14491970
10455020
5081670
15933692
13139395
9852904
13247675
13998125
9603694
2075850
1414720
1037852
8084265
6697070
5938710
15691322
3349646
14382650
15712746
7880160
3882473
377958
1600102
16725124
4951159
5608446
14607474
2464888
4816686
352020
1530570
14190575
5935307
9788685
13541500
10462922
4929722
16460372
16698405
9525814
13536439
13016569
654111
1038960
925024
4884784
5586974
6793454
12098065
